[__def_unsaved]
__coloradjust=1.00000000 0 0 0 256 192
defaultV6=0
param12=0
param15=0
param18=5
param19=35
param4=2
param9=0

[Assembled_Theme]
__coloradjust=1.00000000 0 14 45 256 192
param19=55
param22=134

[Default_6.0]
__coloradjust=1.04800000 0 0 0 130 192
param10=0
param12=0
param13=4
param14=4
param15=8
param16=8
param17=2
param18=7
param19=27
param21=7
param22=100
param23=7
param24=1
param25=0
param26=0
param27=0
param28=15
param29=4
param3=4
param30=2
param4=2
param5=0
param77=3
param80=1
param81=1
param9=0

[Default_6.0_M2M]
__coloradjust=1.04800000 0 0 0 130 192
param12=0
param15=8
param16=8
param18=7
param19=27
param21=7
param23=7
param27=0
param28=15
param29=4
param3=4
param30=2
param4=2
param77=3
param9=0

[LCS_Flat-6_MB2E_Light]
param19=25
param22=100

[Smooth_6_Dark]
__coloradjust=1.00000000 0 0 0 256 192

[Smooth_6_M2M]
__coloradjust=1.00000000 0 0 0 256 192
defaultV6=0
param12=0
param13=4
param14=4
param15=0
param16=0
param18=5
param19=35
param2=4
param20=4
param22=100
param27=0
param30=1
param4=2
param6=4
param79=2
param9=0

